264 250
1 500
264 250
1 250
297 1000
1 250
264 1000
1 250
352 1000
1 250
330 2000
1 500
264 250
1 500
264 250
1 250
297 1000
1 250
264 1000
1 250
396 1000
1 250
352 2000
1 500
264 250
1 500
264 250
1 250
264 1000
1 250
440 1000
1 250
352 500
1 250
352 250
1 250
330 1000
1 250
297 2000
1 500
466 250
1 500
466 250
1 250
440 1000
1 250
352 1000
1 250
396 1000
1 250
352 2000
1 250
264 250
1 500
264 250
1 250
297 1000
1 250
264 1000
1 250
352 1000
1 250
330 2000
1 500
264 250
1 500
264 250
1 250
297 1000
1 250
264 1000
1 250
396 1000
1 250
352 2000
1 500
264 250
1 500
264 250
1 250
264 1000
1 250
440 1000
1 250
352 500
1 250
352 250
1 250
330 1000
1 250
297 2000
1 500
466 250
1 500
466 250
1 250
440 1000
1 250
352 1000
1 250
396 1000
1 250
352 2000
1 250